6 0.058125 0.46833349999999996 0.11625 0.15666700000000003
6 0.059375 0.4658335 0.11875 0.15833300000000014
6 0.23750000000000002 0.4533335 0.10625000000000001 0.151667
6 0.238125 0.45166649999999997 0.10749999999999998 0.15833300000000006
6 0.398125 0.46208350000000004 0.26250000000000007 0.2508330000000001
6 0.39937500000000004 0.46833300000000005 0.26000000000000006 0.26
6 0.5721875000000001 0.45791699999999996 0.13687499999999997 0.08749999999999998
6 0.5718749999999999 0.45791699999999996 0.12875000000000003 0.07750000000000005
6 0.7221875 0.43875 0.25687499999999996 0.225834
6 0.7215625 0.43875 0.25312500000000004 0.225834
6 0.8934375 0.424167 0.21187500000000004 0.21000000000000005
6 0.8940625 0.4275 0.21062500000000006 0.196666